0 1
1000000 14938433536
2000000 49138073670
3000000 102639419392
4000000 185444809060
5000000 284193188608
6000000 380679356736
7000000 418276028416
8000000 501989269138
9000000 627402194944
10000000 788306977696
11000000 969785618368
12000000 1147791106308
13000000 1221570131712
14000000 1375860811773
15000000 1549012723968
16000000 1792251340824
17000000 2097211167744
18000000 2307115771464
19000000 2430160520256
20000000 2613532985728
21000000 2873902084096
22000000 3248843902416
23000000 3706941740544
24000000 3850209876240
25000000 4007462196400
26000000 4278353699200
27000000 4651243484160
28000000 5192412979180
29000000 5671350380928
30000000 5782256703552
31000000 6007359074496
32000000 6393843472128
33000000 6885674839680
34000000 7426761367872
35000000 7957408410112
36000000 8128551789960
37000000 8447162258304
38000000 8894732756896
39000000 9426265861824
40000000 10150702475424
41000000 10594335496192
42000000 10659012912828
43000000 10746122475520
44000000 10876770160368
45000000 11048177728768
46000000 11285478494752
47000000 11388978983424
48000000 11512921849632
49000000 11711728685056
50000000 12016604260360
51000000 12406394273280
52000000 12848051253184
53000000 12947832982336
54000000 13173557255152
55000000 13521525821440
56000000 14055691200964
57000000 14575546056064
58000000 15134752855936
59000000 15306579073536
60000000 15676012844128
61000000 16196239664640
62000000 16798765497472
63000000 17567260297216
64000000 18205769948128
65000000 18488348437888
66000000 18962515450368
67000000 19573779617728
68000000 20442449075328
69000000 21523567984128
70000000 22072586484928
71000000 22424106725248
72000000 23019567757312
73000000 23856183466528
74000000 25060041594112
75000000 26447786201200
76000000 26674225817344
77000000 27153985883584
78000000 27977798843008
79000000 29100904262640
80000000 30457982461984
81000000 31740756549096
82000000 31804192813344
83000000 31928159004672
84000000 32138136973992
85000000 32355418425456
86000000 32644599251250
87000000 32901178662912
88000000 33069364276368
89000000 33357309957888
90000000 33720193892112
91000000 34203961401792
92000000 34867069071114
93000000 35233982033376
94000000 35512200370920
95000000 35928764231808
96000000 36562052427348
97000000 37384945957632
98000000 38524097478657
99000000 38714825980416
100000000 39122748998256
101000000 39766256941056
102000000 40752474989352
103000000 41945688986880
104000000 43090306137984
105000000 43372354404864
106000000 43995728372694
107000000 44939189266944
108000000 46146214215024
109000000 47507632325664
110000000 48821188230192
111000000 49264315645440
112000000 50183022540252
113000000 51229183476864
114000000 52682592365760
115000000 54516077454720
116000000 55745802738948
117000000 56394147197388
118000000 57353602837440
119000000 58721896367232
120000000 60679726969512
121000000 63092052623712
122000000 63528330732832
123000000 63654093813456
124000000 63869810172672
125000000 64168651337728
126000000 64599233821752
127000000 64987614712704
128000000 65134739490240
129000000 65435037499840
130000000 65947765795072
131000000 66606535311232
132000000 67326390751872
133000000 68044494100608
134000000 68336183157984
135000000 68882958912096
136000000 69650631845760
137000000 70561594422144
138000000 71799297014592
139000000 72664476143616
140000000 73178919451456
141000000 73878582145024
142000000 74920941394432
143000000 76292959921152
144000000 78184781770368
145000000 78857174957568
146000000 79475469037888
147000000 80469256695808
148000000 81988405990288
149000000 83939428588288
150000000 86149635043584
151000000 86548247917056
152000000 87447669730176
153000000 88840418967552
154000000 90967562588448
155000000 93057956119296
156000000 95284124237568
157000000 95885153329728
158000000 97171706987040
159000000 98999805030112
160000000 101103958704000
161000000 103794355018368
162000000 105819795414480
163000000 105961044787920
164000000 106198256577280
165000000 106503725044080
166000000 106936708360720
167000000 107477747493760
168000000 107805863198880
169000000 108099506783280
170000000 108594184796160
171000000 109291683516960
172000000 110290608200640
173000000 111453261433360
174000000 111694958569600
175000000 112208940624400
176000000 113087511241600
177000000 114292992316720
178000000 115748165085280
179000000 117154211285440
180000000 117574610160000
181000000 118401937131520
182000000 119793857854720
183000000 121251003932800
184000000 123172837910080
185000000 124809018954880
186000000 125505346054480
187000000 126709702586880
188000000 128217940688880
189000000 130234809391680
190000000 132985563462430
191000000 134446602075520
192000000 135373474047280
193000000 136761852305920
194000000 138863625495280
195000000 141612419925760
196000000 145387521742540
197000000 145975280503360
198000000 147159741038800
199000000 149039527956480
200000000 151898945105460
201000000 155398222351120
202000000 158684958687360
203000000 158797810479360
204000000 159045636482376
205000000 159424062379008
206000000 159906871714128
207000000 160451617066944
208000000 160999233096576
209000000 161294987148288
210000000 161903163694944
211000000 162604996864896
212000000 163570162490112
213000000 164795133914880
214000000 165654191530464
215000000 166211868402384
216000000 167031541824000
217000000 168206053619328
218000000 169874345090688
219000000 171950153375616
220000000 172622287858944
221000000 173377123112256
222000000 174664118630400
223000000 176462705750016
224000000 179027571496704
225000000 181366014137280
226000000 181914174294720
227000000 183042456814560
228000000 184951767624960
229000000 187436523953280
230000000 190127739600960
231000000 192798891591936
232000000 193666764897312
233000000 195311996005056
234000000 197613916725120
235000000 200348400158592
236000000 204041599359360
237000000 206611058919552
238000000 207949262289888
239000000 209797828050048
240000000 212520993275136
241000000 216132371016576
242000000 221062731669024
243000000 222243551947200
244000000 222459062936544
245000000 222807434612224
246000000 223335786858408
247000000 224021333989824
248000000 224798191492672
249000000 225030695312640
250000000 225552330243520
251000000 226366866030592
252000000 227599434560400
253000000 228827597588800
254000000 230138737757376
255000000 230589931533696
256000000 231548547831216
257000000 232926312961104
258000000 234500149972032
259000000 236520540946368
260000000 238210015025920
261000000 239002187109504
262000000 240329917019136
263000000 242041080621760
264000000 244455033088896
265000000 247492828251648
266000000 249052512747808
267000000 250083719295088
268000000 251808928916608
269000000 254253847044288
270000000 257733325445008
271000000 261821307253632
272000000 262495651807872
273000000 263935435966272
274000000 266384889701952
275000000 269767062427968
276000000 273842924990544
277000000 277771111061472
278000000 278796089941936
279000000 280825301973888
280000000 284219631971520
281000000 287806620404352
282000000 292503071022960
283000000 296207477622784
284000000 296262891690192
285000000 296359539431424
286000000 296479964665024
287000000 296641392441856
288000000 296860753620648
289000000 296995846368256
290000000 297119397370992
291000000 297304465514496
292000000 297583936454896
293000000 297950821410816
294000000 298452352483404
295000000 298552883413504
296000000 298755348388504
297000000 299077795336192
298000000 299566133160700
299000000 300168172941952
300000000 300741005784576
301000000 300891429203968
302000000 301220493271264
303000000 301725776744448
304000000 302369769160480
305000000 303096069601024
306000000 303798565304304
307000000 304045087112704
308000000 304549556155404
309000000 305136839772544
310000000 305939203970904
311000000 306960887192064
312000000 307647838911280
313000000 308020401125248
314000000 308565724972288
315000000 309348974539264
316000000 310457286305824
317000000 311843596696576
318000000 312265064185648
319000000 312705261470560
320000000 313453333952640
321000000 314504071155456
322000000 315993331173856
323000000 317356455834880
324000000 317429220306016
325000000 317579790240384
326000000 317833146454656
327000000 318165800682240
328000000 318523887564288
329000000 318891411121152
330000000 319083220179360
331000000 319449401350912
332000000 319960960017664
333000000 320568691336192
334000000 321386644679296
335000000 321981671542272
336000000 322361778450096
337000000 322892093855232
338000000 323667755091072
339000000 324701119283712
340000000 326103206317728
341000000 326640202301952
342000000 327131400583680
343000000 327928403070976
344000000 329130496906624
345000000 330701857006080
346000000 332474011488640
347000000 332806143776640
348000000 333547803991360
349000000 334713969479680
350000000 336464906060080
351000000 338229873589440
352000000 340086170156544
353000000 340602320698368
354000000 341691653681280
355000000 343272792219840
356000000 345067124129280
357000000 347379038345472
358000000 349281494911104
359000000 350074998427392
360000000 351401833015296
361000000 353113865451424
362000000 355517453327232
363000000 358563974409984
364000000 359745432548992
365000000 359922851654128
366000000 360217433298688
367000000 360637477117792
368000000 361230514802080
369000000 361935579772480
370000000 362127437012992
371000000 362539320783808
372000000 363235300177792
373000000 364204877158528
374000000 365368893008224
375000000 366499643659072
376000000 366873735698512
377000000 367620971030656
378000000 368859551706016
379000000 370185788279104
380000000 371904639055432
381000000 373396643726848
382000000 374056565844640
383000000 375221446931968
384000000 376662284578048
385000000 378602704711168
386000000 381220470818656
387000000 382661259256192
388000000 383586618715132
389000000 384975591941632
390000000 387061349210032
391000000 389821769059072
392000000 393559345292092
393000000 394205210900224
394000000 395414841022936
395000000 397353469640704
396000000 400267301821072
397000000 403896714343360
398000000 407324928212608
399000000 408115288263424
400000000 409833671745400
401000000 412493899439104
402000000 415873379988304
403000000 419688594164896
404000000 423174352776448
405000000 423371874917376
406000000 423773076155968
407000000 424245307610880
408000000 424885165367488
409000000 425704149961216
410000000 426315222727296
411000000 426813324835968
412000000 427538691901440
413000000 428584210603008
414000000 430056083314368
415000000 431909432442880
416000000 432548765073376
417000000 433303580137600
418000000 434581570839808
419000000 436386213620224
420000000 438928331058784
421000000 441294821649408
422000000 441874757740416
423000000 443080664942080
424000000 445099436970496
425000000 447769335241984
426000000 450629207519232
427000000 453494707706880
428000000 454449463352080
429000000 456283317638400
430000000 458840475609600
431000000 461879988641280
432000000 465959061039360
433000000 468851376007168
434000000 470365429483936
435000000 472492867545088
436000000 475589245075840
437000000 479726805667840
438000000 485317897533952
439000000 487376208512256
440000000 489092197619200
441000000 491883287160832
442000000 496077787074688
443000000 501587400832000
444000000 507769904578944
445000000 507935956151104
446000000 508305592806144
447000000 508889505030144
448000000 509761543729984
449000000 510647655414064
450000000 511596862061824
451000000 512027258541184
452000000 512931360801664
453000000 514252857830544
454000000 515745684504064
455000000 517673753539264
456000000 519304539255264
457000000 520155426075264
458000000 521576646872064
459000000 523411285365864
460000000 525979660585344
461000000 529248926802624
462000000 530950402128384
463000000 532135834030464
464000000 534094729426944
465000000 536898491204544
466000000 540837375154944
467000000 545551261920784
468000000 546348392310784
469000000 548065824760384
470000000 550954813766784
471000000 555003554037184
472000000 559852559188384
473000000 564541546207104
474000000 565783106671104
475000000 568277714317824
476000000 572388528386304
477000000 576827754822144
478000000 582543989423424
479000000 587477814841344
480000000 589393261473184
481000000 592800280355584
482000000 596994782306944
483000000 602659898475264
484000000 610267993278384
485000000 613680563636224
486000000 614050394784736
487000000 614606211019264
488000000 615437698188544
489000000 616544258794240
490000000 618032412687424
491000000 618440949882112
492000000 619244698859584
493000000 620539256510464
494000000 622473158747776
495000000 624901860401728
496000000 627196996539904
497000000 627874987995904
498000000 629341427189776
499000000 631627136444416
500000000 634522391797504
501000000 637794358231072
502000000 640966378178560
503000000 642153256428544
504000000 644547842337280
505000000 647394016592896
506000000 651222115511296
507000000 656145696274432
508000000 659461419441664
509000000 661333999442704
510000000 664047706169344
511000000 667973003704384
512000000 673469436621184
513000000 680438416061824
514000000 682582622374912
515000000 684847494108400
516000000 688666917019648
517000000 694090753412224
518000000 701681118912256
519000000 708813993025600
520000000 710329806241216
521000000 713498053545760
522000000 718772948545792
523000000 725808263504296
524000000 733300308772864
525000000 740538010966432
526000000 740870345845168
527000000 741513091753336
528000000 742408209648000
529000000 743472081747892
530000000 744894895585792
531000000 746000290631232
532000000 746878304215456
533000000 748124182017856
534000000 749925058282624
535000000 752340773696064
536000000 755589421509888
537000000 756934577641144
538000000 758218487752768
539000000 760311593309632
540000000 763447134391312
541000000 767583028399936
542000000 772249060280320
543000000 773177630888544
544000000 775241041662976
545000000 778511188252672
546000000 783378332041984
547000000 788360224489152
548000000 793566945024000
549000000 795071465551440
550000000 798224830206720
551000000 802863278117950
552000000 808080184181760
553000000 814825202665320
554000000 820398088397440
555000000 822777211252192
556000000 826761122080768
557000000 831892728857260
558000000 839070657284608
559000000 848220228833824
560000000 852823504786624
561000000 855730503298384
562000000 860522282781952
563000000 867383812206604
564000000 877018377407200
565000000 888590585786358
566000000 888638321303040
567000000 888741182354088
568000000 888914250483168
569000000 889156861590102
570000000 889448491120728
571000000 889734089574708
572000000 889857954064128
573000000 890106913320576
574000000 890517396487488
575000000 890962215589824
576000000 891533333006736
577000000 892038124157376
578000000 892283889155232
579000000 892722516063168
580000000 893261418754656
581000000 893988438413952
582000000 894966250961244
583000000 895520028845568
584000000 895890397061352
585000000 896445065171712
586000000 897276025897440
587000000 898380203847168
588000000 899867821269144
589000000 900146802190272
590000000 900648603571542
591000000 901455799141632
592000000 902663633858952
593000000 904184399137362
594000000 905613913158528
595000000 905951712483552
596000000 906684015050310
597000000 907823890065792
598000000 909275976318864
599000000 910908795691524
600000000 912484809767748
601000000 913002012889008
602000000 914048773784013
603000000 915295276066080
604000000 916969249362936
605000000 919118188785552
606000000 920382834931728
607000000 920570194671666
608000000 920841352451328
609000000 921233000928576
610000000 921782346555336
611000000 922477783431120
612000000 922763567031936
613000000 923140177257900
614000000 923776073923584
615000000 924678292900992
616000000 925942174019184
617000000 927138069051936
618000000 927462222558816
619000000 928139597023632
620000000 929268526558848
621000000 930779041576776
622000000 932383230539712
623000000 934004676208128
624000000 934573144338960
625000000 935672519935104
626000000 937210526660352
627000000 939031452721824
628000000 941468302360320
629000000 943226997537216
630000000 944165387304636
631000000 945502145480256
632000000 947429417867856
633000000 950014746415056
634000000 953490488897856
635000000 954820127710680
636000000 955919071631328
637000000 957710916964032
638000000 960393978392856
639000000 963936892349088
640000000 967944640316640
641000000 968639679290388
642000000 970184150147184
643000000 972634544512512
644000000 976277925656292
645000000 980024349518256
646000000 983819636563008
647000000 984012718493532
648000000 984417168796320
649000000 985014835312494
650000000 985684805180544
651000000 986551496077224
652000000 987317366212128
653000000 987826574392392
654000000 988681048578048
655000000 989779833192108
656000000 991315054523136
657000000 993275562500256
658000000 994341605241936
659000000 995143483454232
660000000 996461268289536
661000000 998350769061156
662000000 1000999286464800
663000000 1004200901912208
664000000 1004772456307200
665000000 1006005369097344
666000000 1008077502159840
667000000 1010987746135248
668000000 1014493306562904
669000000 1017875506120284
670000000 1018801527837744
671000000 1020667040569344
672000000 1023737403667944
673000000 1027083759860424
674000000 1031360300352354
675000000 1035083544729024
676000000 1036552626070752
677000000 1039190214518400
678000000 1042418970680304
679000000 1046778328089984
680000000 1052632569875502
681000000 1055876674750464
682000000 1057822165793820
683000000 1060730775152832
684000000 1065085722235668
685000000 1070879118806784
686000000 1078674724151409
687000000 1079180103295488
688000000 1079580851687856
689000000 1080225834823680
690000000 1081190493098016
691000000 1082409900535488
692000000 1083565710054912
693000000 1084015125212160
694000000 1084989631809552
695000000 1086507883991040
696000000 1088447591180544
697000000 1090622302613088
698000000 1092761464309536
699000000 1093646174420352
700000000 1095436964235432
701000000 1097577956836992
702000000 1100444725361856
703000000 1104124442824704
704000000 1106659159040064
705000000 1108159322646432
706000000 1110326656846848
707000000 1113455157024768
708000000 1117846592774688
709000000 1123401913648896
710000000 1125193281403296
711000000 1127072762109816
712000000 1130249721382656
713000000 1134753027534336
714000000 1141069263980856
715000000 1147053555572160
716000000 1148348308566144
717000000 1151052124878048
718000000 1155564591767040
719000000 1161615051585408
720000000 1168028435247744
721000000 1174479268118016
722000000 1176466061272656
723000000 1180304541268608
724000000 1185699895251648
725000000 1192062714701376
726000000 1200590671748160
727000000 1206059794904832
728000000 1206528544636212
729000000 1207197095791872
730000000 1208160451685712
731000000 1209450423810912
732000000 1211188508672352
733000000 1212020702918592
734000000 1212935923873632
735000000 1214425921469952
736000000 1216661442064152
737000000 1219607274510912
738000000 1222961840866752
739000000 1223704365583812
740000000 1225358130332112
741000000 1227977137427712
742000000 1231880369430732
743000000 1235898800461752
744000000 1240099910754432
745000000 1241382595709472
746000000 1244077991614752
747000000 1248066182288352
748000000 1252531242114432
749000000 1258297270081152
750000000 1263115128312912
751000000 1265228888457912
752000000 1268797564269312
753000000 1273366768778412
754000000 1279763318430912
755000000 1287914188425312
756000000 1292093969443872
757000000 1294766095053912
758000000 1299156600118272
759000000 1305442569972912
760000000 1314269359815552
761000000 1324960039255272
762000000 1326625202082432
763000000 1330213668376992
764000000 1336254078731712
765000000 1344726322848552
766000000 1354975757898672
767000000 1364651158901808
768000000 1365021108341184
769000000 1365765653392896
770000000 1366993230437856
771000000 1368333197460768
772000000 1370043140231640
773000000 1371609094080000
774000000 1372587138777792
775000000 1374347207944704
776000000 1376498464662720
777000000 1379400832193664
778000000 1383301644227832
779000000 1385598711266112
780000000 1387267783396320
781000000 1389757690630848
782000000 1393487531805936
783000000 1398448060802688
784000000 1405124616124236
785000000 1406487214587648
786000000 1408889194353984
787000000 1412754631670784
788000000 1418537197832160
789000000 1425864766682496
790000000 1432734930665472
791000000 1434417134552832
792000000 1438066877891952
793000000 1443754394971392
794000000 1451039531394432
795000000 1459187505903792
796000000 1467098688800640
797000000 1469748698648832
798000000 1475112534803040
799000000 1481545578470592
800000000 1490137888544256
801000000 1501171284059328
802000000 1508618812227744
803000000 1512560060209758
804000000 1518244151821824
805000000 1526449997271360
806000000 1537964382803520
807000000 1552539704396016
808000000 1555331815897440
809000000 1555988864278359
810000000 1557099509774592
811000000 1558674373958016
812000000 1560882441683964
813000000 1562993605638696
814000000 1563747564806112
815000000 1565322816429204
816000000 1567951536713856
817000000 1571486840989800
818000000 1575225119678784
819000000 1579036117240344
820000000 1580522960901360
821000000 1583399190018450
822000000 1587450653108544
823000000 1592218665892596
824000000 1598607764501664
825000000 1603281711497088
826000000 1605900860778144
827000000 1609649547096192
828000000 1615039333700352
829000000 1622256826546272
830000000 1631981423150400
831000000 1635804072403536
832000000 1639004473178016
833000000 1644213081952896
834000000 1652030994008136
835000000 1662330064919496
836000000 1674086820002688
837000000 1676161881888816
838000000 1680787790109120
839000000 1688111442845184
840000000 1699032321806736
841000000 1710300303094152
842000000 1722017705802240
843000000 1725153838704156
844000000 1731750589018128
845000000 1741533124935282
846000000 1752466434124224
847000000 1766577323435736
848000000 1777207196978304
849000000 1777319677256368
850000000 1777510287114240
851000000 1777753666188304
852000000 1778094706797696
853000000 1778528788681344
854000000 1778793259926592
855000000 1779030736922704
856000000 1779420858836992
857000000 1779978702785248
858000000 1780763295837568
859000000 1781715105347184
860000000 1781905265070336
861000000 1782314625318768
862000000 1783004816920320
863000000 1783971342896736
864000000 1785145168223424
865000000 1786274485683072
866000000 1786603075133184
867000000 1787263451344896
868000000 1788354682802688
869000000 1789546370760960
870000000 1791066273026688
871000000 1792396311293184
872000000 1792939446168864
873000000 1793917622662144
874000000 1795112573932384
875000000 1796722221126784
876000000 1798890173212524
877000000 1800103721509632
878000000 1800846509244384
879000000 1801951256994816
880000000 1803609243049824
881000000 1805809336020480
882000000 1808778539229816
883000000 1809328825320576
884000000 1810262763964704
885000000 1811762741576704
886000000 1814012399822728
887000000 1816863870105648
888000000 1819504115267328
889000000 1819653211022592
890000000 1819977671007664
891000000 1820481920674816
892000000 1821131079128032
893000000 1821854182380736
894000000 1822586437779072
895000000 1822977719041024
896000000 1823772697725216
897000000 1824725649961344
898000000 1825998844104960
899000000 1827630017871616
900000000 1828787596895392
901000000 1829538281696272
902000000 1830620816485888
903000000 1832181047662720
904000000 1834375106515840
905000000 1837145700847744
906000000 1838083983499008
907000000 1839083443825600
908000000 1840775935043584
909000000 1843171145539584
910000000 1846537427021056
911000000 1849743515542336
912000000 1850461254462016
913000000 1851958385697696
914000000 1854462599544576
915000000 1857831275078016
916000000 1861391188644736
917000000 1864982985915136
918000000 1866115416098752
919000000 1868301916704832
920000000 1871394479723776
921000000 1875022778201728
922000000 1879891265314048
923000000 1883393606217088
924000000 1885138920307776
925000000 1887638266383744
926000000 1891231012199424
927000000 1896036524997664
928000000 1902520277221312
929000000 1904285673519600
930000000 1904651302744512
931000000 1905245834350464
932000000 1906139252473680
933000000 1907314795686384
934000000 1908664406673024
935000000 1909059021502272
936000000 1909939880481024
937000000 1911333000751104
938000000 1913413119532992
939000000 1915560646178256
940000000 1917814159441152
941000000 1918580883278688
942000000 1920195826774848
943000000 1922593012543476
944000000 1925269840537344
945000000 1928722848313968
946000000 1931642120819712
947000000 1932989867187456
948000000 1935279368515584
949000000 1938197468226432
950000000 1942288923714048
951000000 1947493036661760
952000000 1950217689141120
953000000 1951998622140000
954000000 1954923620482560
955000000 1959103003992960
956000000 1964986809401280
957000000 1972131373787904
958000000 1973271642128640
959000000 1975724614426752
960000000 1979864760956544
961000000 1985656794791040
962000000 1992710251201824
963000000 1999466823759552
964000000 2001190630125792
965000000 2004653133036288
966000000 2010380284402560
967000000 2016640821557376
968000000 2024618284791648
969000000 2031146073972736
970000000 2031580229014336
971000000 2032363190710272
972000000 2033318868892416
973000000 2034605305893888
974000000 2036339545548448
975000000 2037447263746048
976000000 2038438436751808
977000000 2039909810618368
978000000 2042120304198912
979000000 2045049942691840
980000000 2049009740491840
981000000 2049904791020544
982000000 2051505470958720
983000000 2054073295134720
984000000 2057930306397504
985000000 2062821317270784
986000000 2067409671061504
987000000 2068600298070016
988000000 2071195583310336
989000000 2075223446274048
990000000 2080424607647232
991000000 2086203688848384
992000000 2091858883077376
993000000 2093811236837376
994000000 2097786355233856
995000000 2102551644560896
996000000 2108917968094336
997000000 2117062602848256
998000000 2122638207246144
999000000 2125640883598848
2129970655314432
