Sum1:: Count gauss circle integer points at  1000  is  929460
823081 929460 1752541
1752541
a,Ca,b,Cb,n,Cn
1 , 2 , 1 , 62 , 1 , 0
2 , 4 , 2 , 74 , 2 , 1
3 , 6 , 3 , 74 , 3 , 0
4 , 8 , 4 , 78 , 4 , 1
5 , 10 , 5 , 70 , 5 , 1
6 , 12 , 6 , 84 , 6 , 1
7 , 14 , 7 , 62 , 7 , 0
8 , 16 , 8 , 76 , 8 , 1
9 , 18 , 9 , 68 , 9 , 0
10 , 20 , 10 , 72 , 10 , 3
11 , 22 , 11 , 52 , 11 , 0
12 , 24 , 12 , 80 , 12 , 1
13 , 26 , 13 , 44 , 13 , 1
14 , 28 , 14 , 62 , 14 , 1
15 , 30 , 15 , 62 , 15 , 1
16 , 32 , 16 , 60 , 16 , 1
17 , 34 , 17 , 32 , 17 , 1
18 , 36 , 18 , 64 , 18 , 1
19 , 38 , 19 , 26 , 19 , 0
20 , 40 , 20 , 60 , 20 , 3
21 , 42 , 21 , 44 , 21 , 0
22 , 44 , 22 , 36 , 22 , 1
23 , 44 , 23 , 12 , 23 , 0
24 , 46 , 24 , 54 , 24 , 1
25 , 42 , 25 , 26 , 25 , 2
26 , 44 , 26 , 28 , 26 , 3
27 , 40 , 27 , 30 , 27 , 0
28 , 44 , 28 , 40 , 28 , 1
29 , 26 , 29 , 10 , 29 , 1
30 , 48 , 30 , 44 , 30 , 3
31 , 14 , 31 , 10 , 31 , 0
32 , 32 , 32 , 28 , 32 , 1
33 , 26 , 33 , 24 , 33 , 0
34 , 32 , 34 , 16 , 34 , 3
35 , 22 , 35 , 28 , 35 , 1
36 , 46 , 36 , 42 , 36 , 1
37 , 2 , 37 , 10 , 37 , 1
38 , 26 , 38 , 14 , 38 , 1
39 , 30 , 39 , 16 , 39 , 1
40 , 40 , 40 , 32 , 40 , 3
41 , 2 , 41 , 8 , 41 , 1
42 , 42 , 42 , 26 , 42 , 1
43 , 2 , 43 , 8 , 43 , 0
44 , 32 , 44 , 16 , 44 , 1
45 , 36 , 45 , 24 , 45 , 1
46 , 4 , 46 , 12 , 46 , 1
47 , 2 , 47 , 8 , 47 , 0
48 , 38 , 48 , 26 , 48 , 1
49 , 14 , 49 , 12 , 49 , 0
50 , 20 , 50 , 18 , 50 , 5
51 , 18 , 51 , 14 , 51 , 1
52 , 26 , 52 , 16 , 52 , 3
53 , 2 , 53 , 8 , 53 , 1
54 , 26 , 54 , 18 , 54 , 1
55 , 26 , 55 , 14 , 55 , 1
56 , 34 , 56 , 18 , 56 , 1
57 , 6 , 57 , 12 , 57 , 0
58 , 4 , 58 , 12 , 58 , 3
59 , 2 , 59 , 6 , 59 , 0
60 , 42 , 60 , 24 , 60 , 3
61 , 2 , 61 , 6 , 61 , 1
62 , 4 , 62 , 10 , 62 , 1
63 , 28 , 63 , 10 , 63 , 0
64 , 16 , 64 , 12 , 64 , 1
65 , 20 , 65 , 10 , 65 , 4
66 , 24 , 66 , 16 , 66 , 1
67 , 2 , 67 , 6 , 67 , 0
68 , 8 , 68 , 12 , 68 , 3
69 , 6 , 69 , 10 , 69 , 0
70 , 30 , 70 , 10 , 70 , 3
71 , 2 , 71 , 6 , 71 , 0
72 , 32 , 72 , 14 , 72 , 1
73 , 2 , 73 , 6 , 73 , 1
74 , 4 , 74 , 8 , 74 , 3
75 , 14 , 75 , 12 , 75 , 2
76 , 8 , 76 , 10 , 76 , 1
77 , 22 , 77 , 6 , 77 , 0
78 , 12 , 78 , 12 , 78 , 3
79 , 2 , 79 , 6 , 79 , 0
80 , 26 , 80 , 12 , 80 , 3
81 , 14 , 81 , 10 , 81 , 0
82 , 4 , 82 , 8 , 82 , 3
83 , 2 , 83 , 6 , 83 , 0
84 , 26 , 84 , 14 , 84 , 1
85 , 10 , 85 , 6 , 85 , 4
86 , 4 , 86 , 8 , 86 , 1
87 , 6 , 87 , 10 , 87 , 1
88 , 18 , 88 , 10 , 88 , 1
89 , 2 , 89 , 6 , 89 , 1
90 , 30 , 90 , 10 , 90 , 3
91 , 12 , 91 , 6 , 91 , 1
92 , 8 , 92 , 10 , 92 , 1
93 , 6 , 93 , 8 , 93 , 0
94 , 4 , 94 , 8 , 94 , 1
95 , 10 , 95 , 6 , 95 , 1
96 , 20 , 96 , 12 , 96 , 1
97 , 2 , 97 , 6 , 97 , 1
98 , 12 , 98 , 8 , 98 , 1
99 , 10 , 99 , 8 , 99 , 0
100 , 16 , 100 , 8 , 100 , 5
101 , 2 , 101 , 4 , 101 , 1
102 , 10 , 102 , 8 , 102 , 3
103 , 2 , 103 , 4 , 103 , 0
104 , 12 , 104 , 6 , 104 , 3
105 , 22 , 105 , 6 , 105 , 1
106 , 4 , 106 , 6 , 106 , 3
107 , 2 , 107 , 4 , 107 , 0
108 , 16 , 108 , 8 , 108 , 1
109 , 2 , 109 , 4 , 109 , 1
110 , 12 , 110 , 6 , 110 , 3
111 , 6 , 111 , 6 , 111 , 1
112 , 16 , 112 , 6 , 112 , 1
113 , 2 , 113 , 4 , 113 , 1
114 , 10 , 114 , 8 , 114 , 1
115 , 10 , 115 , 4 , 115 , 1
116 , 8 , 116 , 6 , 116 , 3
117 , 6 , 117 , 6 , 117 , 1
118 , 4 , 118 , 6 , 118 , 1
119 , 8 , 119 , 4 , 119 , 1
120 , 24 , 120 , 8 , 120 , 3
121 , 2 , 121 , 4 , 121 , 0
122 , 4 , 122 , 6 , 122 , 3
123 , 6 , 123 , 4 , 123 , 1
124 , 8 , 124 , 6 , 124 , 1
125 , 8 , 125 , 4 , 125 , 3
126 , 14 , 126 , 6 , 126 , 1
127 , 2 , 127 , 4 , 127 , 0
128 , 8 , 128 , 6 , 128 , 1
129 , 6 , 129 , 4 , 129 , 0
130 , 10 , 130 , 6 , 130 , 9
131 , 2 , 131 , 4 , 131 , 0
132 , 14 , 132 , 6 , 132 , 1
133 , 4 , 133 , 4 , 133 , 0
134 , 4 , 134 , 6 , 134 , 1
135 , 12 , 135 , 4 , 135 , 1
136 , 8 , 136 , 6 , 136 , 3
137 , 2 , 137 , 4 , 137 , 1
138 , 10 , 138 , 6 , 138 , 1
139 , 2 , 139 , 4 , 139 , 0
140 , 16 , 140 , 6 , 140 , 3
141 , 6 , 141 , 4 , 141 , 0
142 , 4 , 142 , 6 , 142 , 1
143 , 2 , 143 , 4 , 143 , 1
144 , 14 , 144 , 6 , 144 , 1
145 , 8 , 145 , 4 , 145 , 4
146 , 4 , 146 , 6 , 146 , 3
147 , 6 , 147 , 4 , 147 , 0
148 , 8 , 148 , 6 , 148 , 3
149 , 2 , 149 , 4 , 149 , 1
150 , 14 , 150 , 6 , 150 , 5
151 , 2 , 151 , 4 , 151 , 0
152 , 8 , 152 , 6 , 152 , 1
153 , 6 , 153 , 4 , 153 , 1
154 , 4 , 154 , 4 , 154 , 1
155 , 6 , 155 , 4 , 155 , 1
156 , 14 , 156 , 4 , 156 , 3
157 , 2 , 157 , 4 , 157 , 1
158 , 4 , 158 , 4 , 158 , 1
159 , 6 , 159 , 4 , 159 , 1
160 , 12 , 160 , 4 , 160 , 3
161 , 2 , 161 , 4 , 161 , 0
162 , 10 , 162 , 4 , 162 , 1
163 , 2 , 163 , 4 , 163 , 0
164 , 6 , 164 , 4 , 164 , 3
165 , 10 , 165 , 4 , 165 , 1
166 , 4 , 166 , 4 , 166 , 1
167 , 2 , 167 , 4 , 167 , 0
168 , 10 , 168 , 4 , 168 , 1
169 , 2 , 169 , 4 , 169 , 2
170 , 8 , 170 , 4 , 170 , 9
171 , 6 , 171 , 4 , 171 , 0
172 , 6 , 172 , 4 , 172 , 1
173 , 2 , 173 , 4 , 173 , 1
174 , 8 , 174 , 4 , 174 , 3
175 , 4 , 175 , 4 , 175 , 2
176 , 6 , 176 , 4 , 176 , 1
177 , 6 , 177 , 4 , 177 , 0
178 , 4 , 178 , 4 , 178 , 3
179 , 2 , 179 , 4 , 179 , 0
180 , 12 , 180 , 4 , 180 , 3
181 , 2 , 181 , 4 , 181 , 1
182 , 4 , 182 , 4 , 182 , 3
183 , 6 , 183 , 4 , 183 , 1
184 , 6 , 184 , 4 , 184 , 1
185 , 4 , 185 , 4 , 185 , 4
186 , 8 , 186 , 4 , 186 , 1
187 , 2 , 187 , 4 , 187 , 1
188 , 6 , 188 , 4 , 188 , 1
189 , 6 , 189 , 4 , 189 , 0
190 , 6 , 190 , 4 , 190 , 3
191 , 2 , 191 , 4 , 191 , 0
192 , 10 , 192 , 4 , 192 , 1
193 , 2 , 193 , 4 , 193 , 1
194 , 4 , 194 , 4 , 194 , 3
195 , 6 , 195 , 4 , 195 , 4
196 , 6 , 196 , 4 , 196 , 1
197 , 2 , 197 , 4 , 197 , 1
198 , 8 , 198 , 4 , 198 , 1
199 , 2 , 199 , 4 , 199 , 0
200 , 6 , 200 , 4 , 200 , 5
201 , 6 , 201 , 2 , 201 , 0
202 , 4 , 202 , 2 , 202 , 3
203 , 2 , 203 , 2 , 203 , 1
204 , 10 , 204 , 2 , 204 , 3
205 , 2 , 205 , 2 , 205 , 4
206 , 4 , 206 , 2 , 206 , 1
207 , 6 , 207 , 2 , 207 , 0
208 , 6 , 208 , 2 , 208 , 3
209 , 2 , 209 , 2 , 209 , 0
210 , 8 , 210 , 2 , 210 , 3
211 , 2 , 211 , 2 , 211 , 0
212 , 6 , 212 , 2 , 212 , 3
213 , 6 , 213 , 2 , 213 , 0
214 , 4 , 214 , 2 , 214 , 1
215 , 2 , 215 , 2 , 215 , 1
216 , 10 , 216 , 2 , 216 , 1
217 , 2 , 217 , 2 , 217 , 0
218 , 4 , 218 , 2 , 218 , 3
219 , 6 , 219 , 2 , 219 , 1
220 , 6 , 220 , 2 , 220 , 3
221 , 2 , 221 , 2 , 221 , 4
222 , 8 , 222 , 2 , 222 , 3
223 , 2 , 223 , 2 , 223 , 0
224 , 6 , 224 , 2 , 224 , 1
225 , 6 , 225 , 2 , 225 , 2
226 , 4 , 226 , 2 , 226 , 3
227 , 2 , 227 , 2 , 227 , 0
228 , 10 , 228 , 2 , 228 , 1
229 , 2 , 229 , 2 , 229 , 1
230 , 4 , 230 , 2 , 230 , 3
231 , 4 , 231 , 2 , 231 , 0
232 , 6 , 232 , 2 , 232 , 3
233 , 2 , 233 , 2 , 233 , 1
234 , 6 , 234 , 2 , 234 , 3
235 , 2 , 235 , 2 , 235 , 1
236 , 4 , 236 , 2 , 236 , 1
237 , 4 , 237 , 2 , 237 , 0
238 , 4 , 238 , 2 , 238 , 3
239 , 2 , 239 , 2 , 239 , 0
240 , 6 , 240 , 2 , 240 , 3
241 , 2 , 241 , 2 , 241 , 1
242 , 4 , 242 , 2 , 242 , 1
243 , 4 , 243 , 2 , 243 , 0
244 , 4 , 244 , 2 , 244 , 3
245 , 2 , 245 , 2 , 245 , 1
246 , 6 , 246 , 2 , 246 , 3
247 , 2 , 247 , 2 , 247 , 1
248 , 4 , 248 , 2 , 248 , 1
249 , 4 , 249 , 2 , 249 , 0
250 , 4 , 250 , 2 , 250 , 7
251 , 2 , 251 , 2 , 251 , 0
252 , 6 , 252 , 2 , 252 , 1
253 , 2 , 253 , 2 , 253 , 0
254 , 4 , 254 , 2 , 254 , 1
255 , 4 , 255 , 2 , 255 , 4
256 , 4 , 256 , 2 , 256 , 1
257 , 2 , 257 , 2 , 257 , 1
258 , 6 , 258 , 2 , 258 , 1
259 , 2 , 259 , 2 , 259 , 1
260 , 4 , 260 , 2 , 260 , 9
261 , 4 , 261 , 2 , 261 , 1
262 , 4 , 262 , 2 , 262 , 1
263 , 2 , 263 , 2 , 263 , 0
264 , 6 , 264 , 2 , 264 , 1
265 , 2 , 265 , 2 , 265 , 4
266 , 4 , 266 , 2 , 266 , 1
267 , 4 , 267 , 2 , 267 , 1
268 , 4 , 268 , 2 , 268 , 1
269 , 2 , 269 , 2 , 269 , 1
270 , 6 , 270 , 2 , 270 , 3
271 , 2 , 271 , 2 , 271 , 0
272 , 4 , 272 , 2 , 272 , 3
273 , 4 , 273 , 2 , 273 , 1
274 , 4 , 274 , 2 , 274 , 3
275 , 2 , 275 , 2 , 275 , 2
276 , 6 , 276 , 2 , 276 , 1
277 , 2 , 277 , 2 , 277 , 1
278 , 4 , 278 , 2 , 278 , 1
279 , 4 , 279 , 2 , 279 , 0
280 , 4 , 280 , 2 , 280 , 3
281 , 2 , 281 , 2 , 281 , 1
282 , 6 , 282 , 2 , 282 , 1
283 , 2 , 283 , 2 , 283 , 0
284 , 4 , 284 , 2 , 284 , 1
285 , 4 , 285 , 2 , 285 , 1
286 , 4 , 286 , 2 , 286 , 3
287 , 2 , 287 , 2 , 287 , 1
288 , 6 , 288 , 2 , 288 , 1
289 , 2 , 289 , 2 , 289 , 2
290 , 4 , 290 , 2 , 290 , 9
291 , 4 , 291 , 2 , 291 , 1
292 , 4 , 292 , 2 , 292 , 3
293 , 2 , 293 , 2 , 293 , 1
294 , 6 , 294 , 2 , 294 , 1
295 , 2 , 295 , 2 , 295 , 1
296 , 4 , 296 , 2 , 296 , 3
297 , 4 , 297 , 2 , 297 , 0
298 , 4 , 298 , 2 , 298 , 3
299 , 2 , 299 , 2 , 299 , 1
300 , 6 , 300 , 2 , 300 , 5
301 , 2 , 301 , 2 , 301 , 0
302 , 4 , 302 , 2 , 302 , 1
303 , 2 , 303 , 2 , 303 , 1
304 , 4 , 304 , 2 , 304 , 1
305 , 2 , 305 , 2 , 305 , 4
306 , 4 , 306 , 2 , 306 , 3
307 , 2 , 307 , 2 , 307 , 0
308 , 4 , 308 , 2 , 308 , 1
309 , 2 , 309 , 2 , 309 , 0
310 , 4 , 310 , 2 , 310 , 3
311 , 2 , 311 , 2 , 311 , 0
312 , 4 , 312 , 2 , 312 , 3
313 , 2 , 313 , 2 , 313 , 1
314 , 4 , 314 , 2 , 314 , 3
315 , 2 , 315 , 2 , 315 , 1
316 , 4 , 316 , 2 , 316 , 1
317 , 2 , 317 , 2 , 317 , 1
318 , 4 , 318 , 2 , 318 , 3
319 , 2 , 319 , 2 , 319 , 1
320 , 4 , 320 , 2 , 320 , 3
321 , 2 , 321 , 2 , 321 , 0
322 , 4 , 322 , 2 , 322 , 1
323 , 2 , 323 , 2 , 323 , 1
324 , 4 , 324 , 2 , 324 , 1
325 , 2 , 325 , 2 , 325 , 7
326 , 4 , 326 , 2 , 326 , 1
327 , 2 , 327 , 2 , 327 , 1
328 , 4 , 328 , 2 , 328 , 3
329 , 2 , 329 , 2 , 329 , 0
330 , 4 , 330 , 2 , 330 , 3
331 , 2 , 331 , 2 , 331 , 0
332 , 4 , 332 , 2 , 332 , 1
333 , 2 , 333 , 2 , 333 , 1
334 , 4 , 334 , 2 , 334 , 1
335 , 2 , 335 , 2 , 335 , 1
336 , 4 , 336 , 2 , 336 , 1
337 , 2 , 337 , 2 , 337 , 1
338 , 4 , 338 , 2 , 338 , 5
339 , 2 , 339 , 2 , 339 , 1
340 , 4 , 340 , 2 , 340 , 9
341 , 2 , 341 , 2 , 341 , 0
342 , 4 , 342 , 2 , 342 , 1
343 , 2 , 343 , 2 , 343 , 0
344 , 4 , 344 , 2 , 344 , 1
345 , 2 , 345 , 2 , 345 , 1
346 , 4 , 346 , 2 , 346 , 3
347 , 2 , 347 , 2 , 347 , 0
348 , 4 , 348 , 2 , 348 , 3
349 , 2 , 349 , 2 , 349 , 1
350 , 4 , 350 , 2 , 350 , 5
351 , 2 , 351 , 2 , 351 , 1
352 , 4 , 352 , 2 , 352 , 1
353 , 2 , 353 , 2 , 353 , 1
354 , 4 , 354 , 2 , 354 , 1
355 , 2 , 355 , 2 , 355 , 1
356 , 4 , 356 , 2 , 356 , 3
357 , 2 , 357 , 2 , 357 , 1
358 , 4 , 358 , 2 , 358 , 1
359 , 2 , 359 , 2 , 359 , 0
360 , 4 , 360 , 2 , 360 , 3
361 , 2 , 361 , 2 , 361 , 0
362 , 4 , 362 , 2 , 362 , 3
363 , 2 , 363 , 2 , 363 , 0
364 , 4 , 364 , 2 , 364 , 3
365 , 2 , 365 , 2 , 365 , 4
366 , 4 , 366 , 2 , 366 , 3
367 , 2 , 367 , 2 , 367 , 0
368 , 4 , 368 , 2 , 368 , 1
369 , 2 , 369 , 2 , 369 , 1
370 , 4 , 370 , 2 , 370 , 9
371 , 2 , 371 , 2 , 371 , 1
372 , 4 , 372 , 2 , 372 , 1
373 , 2 , 373 , 2 , 373 , 1
374 , 4 , 374 , 2 , 374 , 3
375 , 2 , 375 , 2 , 375 , 3
376 , 4 , 376 , 2 , 376 , 1
377 , 2 , 377 , 2 , 377 , 4
378 , 4 , 378 , 2 , 378 , 1
379 , 2 , 379 , 2 , 379 , 0
380 , 4 , 380 , 2 , 380 , 3
381 , 2 , 381 , 2 , 381 , 0
382 , 4 , 382 , 2 , 382 , 1
383 , 2 , 383 , 2 , 383 , 0
384 , 4 , 384 , 2 , 384 , 1
385 , 2 , 385 , 2 , 385 , 1
386 , 4 , 386 , 2 , 386 , 3
387 , 2 , 387 , 2 , 387 , 0
388 , 4 , 388 , 2 , 388 , 3
389 , 2 , 389 , 2 , 389 , 1
390 , 4 , 390 , 2 , 390 , 9
391 , 2 , 391 , 2 , 391 , 1
392 , 4 , 392 , 2 , 392 , 1
393 , 2 , 393 , 2 , 393 , 0
394 , 4 , 394 , 2 , 394 , 3
395 , 2 , 395 , 2 , 395 , 1
396 , 4 , 396 , 2 , 396 , 1
397 , 2 , 397 , 2 , 397 , 1
398 , 4 , 398 , 2 , 398 , 1
399 , 2 , 399 , 2 , 399 , 0
400 , 4 , 400 , 2 , 400 , 5
401 , 2 , 401 , 2 , 401 , 1
402 , 2 , 402 , 2 , 402 , 1
403 , 2 , 403 , 2 , 403 , 1
404 , 2 , 404 , 2 , 404 , 3
405 , 2 , 405 , 2 , 405 , 1
406 , 2 , 406 , 2 , 406 , 3
407 , 2 , 407 , 2 , 407 , 1
408 , 2 , 408 , 2 , 408 , 3
409 , 2 , 409 , 2 , 409 , 1
410 , 2 , 410 , 2 , 410 , 9
411 , 2 , 411 , 2 , 411 , 1
412 , 2 , 412 , 2 , 412 , 1
413 , 2 , 413 , 2 , 413 , 0
414 , 2 , 414 , 2 , 414 , 1
415 , 2 , 415 , 2 , 415 , 1
416 , 2 , 416 , 2 , 416 , 3
417 , 2 , 417 , 2 , 417 , 0
418 , 2 , 418 , 2 , 418 , 1
419 , 2 , 419 , 2 , 419 , 0
420 , 2 , 420 , 2 , 420 , 3
421 , 2 , 421 , 2 , 421 , 1
422 , 2 , 422 , 2 , 422 , 1
423 , 2 , 423 , 2 , 423 , 0
424 , 2 , 424 , 2 , 424 , 3
425 , 2 , 425 , 2 , 425 , 7
426 , 2 , 426 , 2 , 426 , 1
427 , 2 , 427 , 2 , 427 , 1
428 , 2 , 428 , 2 , 428 , 1
429 , 2 , 429 , 2 , 429 , 1
430 , 2 , 430 , 2 , 430 , 3
431 , 2 , 431 , 2 , 431 , 0
432 , 2 , 432 , 2 , 432 , 1
433 , 2 , 433 , 2 , 433 , 1
434 , 2 , 434 , 2 , 434 , 1
435 , 2 , 435 , 2 , 435 , 4
436 , 2 , 436 , 2 , 436 , 3
437 , 2 , 437 , 2 , 437 , 0
438 , 2 , 438 , 2 , 438 , 3
439 , 2 , 439 , 2 , 439 , 0
440 , 2 , 440 , 2 , 440 , 3
441 , 2 , 441 , 2 , 441 , 0
442 , 2 , 442 , 2 , 442 , 9
443 , 2 , 443 , 2 , 443 , 0
444 , 2 , 444 , 2 , 444 , 3
445 , 2 , 445 , 2 , 445 , 4
446 , 2 , 446 , 2 , 446 , 1
447 , 2 , 447 , 2 , 447 , 1
448 , 2 , 448 , 2 , 448 , 1
449 , 2 , 449 , 2 , 449 , 1
450 , 2 , 450 , 2 , 450 , 5
451 , 2 , 451 , 2 , 451 , 1
452 , 2 , 452 , 2 , 452 , 3
453 , 2 , 453 , 2 , 453 , 0
454 , 2 , 454 , 2 , 454 , 1
455 , 2 , 455 , 2 , 455 , 4
456 , 2 , 456 , 2 , 456 , 1
457 , 2 , 457 , 2 , 457 , 1
458 , 2 , 458 , 2 , 458 , 3
459 , 2 , 459 , 2 , 459 , 1
460 , 2 , 460 , 2 , 460 , 3
461 , 2 , 461 , 2 , 461 , 1
462 , 2 , 462 , 2 , 462 , 1
463 , 2 , 463 , 2 , 463 , 0
464 , 2 , 464 , 2 , 464 , 3
465 , 2 , 465 , 2 , 465 , 1
466 , 2 , 466 , 2 , 466 , 3
467 , 2 , 467 , 2 , 467 , 0
468 , 2 , 468 , 2 , 468 , 3
469 , 2 , 469 , 2 , 469 , 0
470 , 2 , 470 , 2 , 470 , 3
471 , 2 , 471 , 2 , 471 , 1
472 , 2 , 472 , 2 , 472 , 1
473 , 2 , 473 , 2 , 473 , 0
474 , 2 , 474 , 2 , 474 , 1
475 , 2 , 475 , 2 , 475 , 2
476 , 2 , 476 , 2 , 476 , 3
477 , 2 , 477 , 2 , 477 , 1
478 , 2 , 478 , 2 , 478 , 1
479 , 2 , 479 , 2 , 479 , 0
480 , 2 , 480 , 2 , 480 , 3
481 , 2 , 481 , 2 , 481 , 4
482 , 2 , 482 , 2 , 482 , 3
483 , 2 , 483 , 2 , 483 , 0
484 , 2 , 484 , 2 , 484 , 1
485 , 2 , 485 , 2 , 485 , 4
486 , 2 , 486 , 2 , 486 , 1
487 , 2 , 487 , 2 , 487 , 0
488 , 2 , 488 , 2 , 488 , 3
489 , 2 , 489 , 2 , 489 , 0
490 , 2 , 490 , 2 , 490 , 3
491 , 2 , 491 , 2 , 491 , 0
492 , 2 , 492 , 2 , 492 , 3
493 , 2 , 493 , 2 , 493 , 4
494 , 2 , 494 , 2 , 494 , 3
495 , 2 , 495 , 2 , 495 , 1
496 , 2 , 496 , 2 , 496 , 1
497 , 2 , 497 , 2 , 497 , 0
498 , 2 , 498 , 2 , 498 , 1
499 , 2 , 499 , 2 , 499 , 0
500 , 2 , 500 , 2 , 500 , 7
501 , 0 , 501 , 0 , 501 , 0
502 , 0 , 502 , 0 , 502 , 1
503 , 0 , 503 , 0 , 503 , 0
504 , 0 , 504 , 0 , 504 , 1
505 , 0 , 505 , 0 , 505 , 4
506 , 0 , 506 , 0 , 506 , 1
507 , 0 , 507 , 0 , 507 , 2
508 , 0 , 508 , 0 , 508 , 1
509 , 0 , 509 , 0 , 509 , 1
510 , 0 , 510 , 0 , 510 , 9
511 , 0 , 511 , 0 , 511 , 1
512 , 0 , 512 , 0 , 512 , 1
513 , 0 , 513 , 0 , 513 , 0
514 , 0 , 514 , 0 , 514 , 3
515 , 0 , 515 , 0 , 515 , 1
516 , 0 , 516 , 0 , 516 , 1
517 , 0 , 517 , 0 , 517 , 0
518 , 0 , 518 , 0 , 518 , 3
519 , 0 , 519 , 0 , 519 , 1
520 , 0 , 520 , 0 , 520 , 9
521 , 0 , 521 , 0 , 521 , 1
522 , 0 , 522 , 0 , 522 , 3
523 , 0 , 523 , 0 , 523 , 0
524 , 0 , 524 , 0 , 524 , 1
525 , 0 , 525 , 0 , 525 , 2
526 , 0 , 526 , 0 , 526 , 1
527 , 0 , 527 , 0 , 527 , 1
528 , 0 , 528 , 0 , 528 , 1
529 , 0 , 529 , 0 , 529 , 0
530 , 0 , 530 , 0 , 530 , 9
531 , 0 , 531 , 0 , 531 , 0
532 , 0 , 532 , 0 , 532 , 1
533 , 0 , 533 , 0 , 533 , 4
534 , 0 , 534 , 0 , 534 , 3
535 , 0 , 535 , 0 , 535 , 1
536 , 0 , 536 , 0 , 536 , 1
537 , 0 , 537 , 0 , 537 , 0
538 , 0 , 538 , 0 , 538 , 3
539 , 0 , 539 , 0 , 539 , 0
540 , 0 , 540 , 0 , 540 , 3
541 , 0 , 541 , 0 , 541 , 1
542 , 0 , 542 , 0 , 542 , 1
543 , 0 , 543 , 0 , 543 , 1
544 , 0 , 544 , 0 , 544 , 3
545 , 0 , 545 , 0 , 545 , 4
546 , 0 , 546 , 0 , 546 , 3
547 , 0 , 547 , 0 , 547 , 0
548 , 0 , 548 , 0 , 548 , 3
549 , 0 , 549 , 0 , 549 , 1
550 , 0 , 550 , 0 , 550 , 5
551 , 0 , 551 , 0 , 551 , 1
552 , 0 , 552 , 0 , 552 , 1
553 , 0 , 553 , 0 , 553 , 0
554 , 0 , 554 , 0 , 554 , 3
555 , 0 , 555 , 0 , 555 , 4
556 , 0 , 556 , 0 , 556 , 1
557 , 0 , 557 , 0 , 557 , 1
558 , 0 , 558 , 0 , 558 , 1
559 , 0 , 559 , 0 , 559 , 1
560 , 0 , 560 , 0 , 560 , 3
561 , 0 , 561 , 0 , 561 , 1
562 , 0 , 562 , 0 , 562 , 3
563 , 0 , 563 , 0 , 563 , 0
564 , 0 , 564 , 0 , 564 , 1
565 , 0 , 565 , 0 , 565 , 4
566 , 0 , 566 , 0 , 566 , 1
567 , 0 , 567 , 0 , 567 , 0
568 , 0 , 568 , 0 , 568 , 1
569 , 0 , 569 , 0 , 569 , 1
570 , 0 , 570 , 0 , 570 , 3
571 , 0 , 571 , 0 , 571 , 0
572 , 0 , 572 , 0 , 572 , 3
573 , 0 , 573 , 0 , 573 , 0
574 , 0 , 574 , 0 , 574 , 3
575 , 0 , 575 , 0 , 575 , 2
576 , 0 , 576 , 0 , 576 , 1
577 , 0 , 577 , 0 , 577 , 1
578 , 0 , 578 , 0 , 578 , 5
579 , 0 , 579 , 0 , 579 , 1
580 , 0 , 580 , 0 , 580 , 9
581 , 0 , 581 , 0 , 581 , 0
582 , 0 , 582 , 0 , 582 , 3
583 , 0 , 583 , 0 , 583 , 1
584 , 0 , 584 , 0 , 584 , 3
585 , 0 , 585 , 0 , 585 , 4
586 , 0 , 586 , 0 , 586 , 3
587 , 0 , 587 , 0 , 587 , 0
588 , 0 , 588 , 0 , 588 , 1
589 , 0 , 589 , 0 , 589 , 0
590 , 0 , 590 , 0 , 590 , 3
591 , 0 , 591 , 0 , 591 , 1
592 , 0 , 592 , 0 , 592 , 3
593 , 0 , 593 , 0 , 593 , 1
594 , 0 , 594 , 0 , 594 , 1
595 , 0 , 595 , 0 , 595 , 4
596 , 0 , 596 , 0 , 596 , 3
597 , 0 , 597 , 0 , 597 , 0
598 , 0 , 598 , 0 , 598 , 3
599 , 0 , 599 , 0 , 599 , 0
600 , 0 , 600 , 0 , 600 , 5
601 , 0 , 601 , 0 , 601 , 1
602 , 0 , 602 , 0 , 602 , 1
603 , 0 , 603 , 0 , 603 , 0
604 , 0 , 604 , 0 , 604 , 1
605 , 0 , 605 , 0 , 605 , 1
606 , 0 , 606 , 0 , 606 , 3
607 , 0 , 607 , 0 , 607 , 0
608 , 0 , 608 , 0 , 608 , 1
609 , 0 , 609 , 0 , 609 , 1
610 , 0 , 610 , 0 , 610 , 9
611 , 0 , 611 , 0 , 611 , 1
612 , 0 , 612 , 0 , 612 , 3
613 , 0 , 613 , 0 , 613 , 1
614 , 0 , 614 , 0 , 614 , 1
615 , 0 , 615 , 0 , 615 , 4
616 , 0 , 616 , 0 , 616 , 1
617 , 0 , 617 , 0 , 617 , 1
618 , 0 , 618 , 0 , 618 , 1
619 , 0 , 619 , 0 , 619 , 0
620 , 0 , 620 , 0 , 620 , 3
621 , 0 , 621 , 0 , 621 , 0
622 , 0 , 622 , 0 , 622 , 1
623 , 0 , 623 , 0 , 623 , 1
624 , 0 , 624 , 0 , 624 , 3
625 , 0 , 625 , 0 , 625 , 4
626 , 0 , 626 , 0 , 626 , 3
627 , 0 , 627 , 0 , 627 , 0
628 , 0 , 628 , 0 , 628 , 3
629 , 0 , 629 , 0 , 629 , 4
630 , 0 , 630 , 0 , 630 , 3
631 , 0 , 631 , 0 , 631 , 0
632 , 0 , 632 , 0 , 632 , 1
633 , 0 , 633 , 0 , 633 , 0
634 , 0 , 634 , 0 , 634 , 3
635 , 0 , 635 , 0 , 635 , 1
636 , 0 , 636 , 0 , 636 , 3
637 , 0 , 637 , 0 , 637 , 1
638 , 0 , 638 , 0 , 638 , 3
639 , 0 , 639 , 0 , 639 , 0
640 , 0 , 640 , 0 , 640 , 3
641 , 0 , 641 , 0 , 641 , 1
642 , 0 , 642 , 0 , 642 , 1
643 , 0 , 643 , 0 , 643 , 0
644 , 0 , 644 , 0 , 644 , 1
645 , 0 , 645 , 0 , 645 , 1
646 , 0 , 646 , 0 , 646 , 3
647 , 0 , 647 , 0 , 647 , 0
648 , 0 , 648 , 0 , 648 , 1
649 , 0 , 649 , 0 , 649 , 0
650 , 0 , 650 , 0 , 650 , 15
651 , 0 , 651 , 0 , 651 , 0
652 , 0 , 652 , 0 , 652 , 1
653 , 0 , 653 , 0 , 653 , 1
654 , 0 , 654 , 0 , 654 , 3
655 , 0 , 655 , 0 , 655 , 1
656 , 0 , 656 , 0 , 656 , 3
657 , 0 , 657 , 0 , 657 , 1
658 , 0 , 658 , 0 , 658 , 1
659 , 0 , 659 , 0 , 659 , 0
660 , 0 , 660 , 0 , 660 , 3
661 , 0 , 661 , 0 , 661 , 1
662 , 0 , 662 , 0 , 662 , 1
663 , 0 , 663 , 0 , 663 , 4
664 , 0 , 664 , 0 , 664 , 1
665 , 0 , 665 , 0 , 665 , 1
666 , 0 , 666 , 0 , 666 , 3
667 , 0 , 667 , 0 , 667 , 1
668 , 0 , 668 , 0 , 668 , 1
669 , 0 , 669 , 0 , 669 , 0
670 , 0 , 670 , 0 , 670 , 3
671 , 0 , 671 , 0 , 671 , 1
672 , 0 , 672 , 0 , 672 , 1
673 , 0 , 673 , 0 , 673 , 1
674 , 0 , 674 , 0 , 674 , 3
675 , 0 , 675 , 0 , 675 , 2
676 , 0 , 676 , 0 , 676 , 5
677 , 0 , 677 , 0 , 677 , 1
678 , 0 , 678 , 0 , 678 , 3
679 , 0 , 679 , 0 , 679 , 1
680 , 0 , 680 , 0 , 680 , 9
681 , 0 , 681 , 0 , 681 , 0
682 , 0 , 682 , 0 , 682 , 1
683 , 0 , 683 , 0 , 683 , 0
684 , 0 , 684 , 0 , 684 , 1
685 , 0 , 685 , 0 , 685 , 4
686 , 0 , 686 , 0 , 686 , 1
687 , 0 , 687 , 0 , 687 , 1
688 , 0 , 688 , 0 , 688 , 1
689 , 0 , 689 , 0 , 689 , 4
690 , 0 , 690 , 0 , 690 , 3
691 , 0 , 691 , 0 , 691 , 0
692 , 0 , 692 , 0 , 692 , 3
693 , 0 , 693 , 0 , 693 , 0
694 , 0 , 694 , 0 , 694 , 1
695 , 0 , 695 , 0 , 695 , 1
696 , 0 , 696 , 0 , 696 , 3
697 , 0 , 697 , 0 , 697 , 4
698 , 0 , 698 , 0 , 698 , 3
699 , 0 , 699 , 0 , 699 , 1
700 , 0 , 700 , 0 , 700 , 5
701 , 0 , 701 , 0 , 701 , 1
702 , 0 , 702 , 0 , 702 , 3
703 , 0 , 703 , 0 , 703 , 1
704 , 0 , 704 , 0 , 704 , 1
705 , 0 , 705 , 0 , 705 , 1
706 , 0 , 706 , 0 , 706 , 3
707 , 0 , 707 , 0 , 707 , 1
708 , 0 , 708 , 0 , 708 , 1
709 , 0 , 709 , 0 , 709 , 1
710 , 0 , 710 , 0 , 710 , 3
711 , 0 , 711 , 0 , 711 , 0
712 , 0 , 712 , 0 , 712 , 3
713 , 0 , 713 , 0 , 713 , 0
714 , 0 , 714 , 0 , 714 , 3
715 , 0 , 715 , 0 , 715 , 4
716 , 0 , 716 , 0 , 716 , 1
717 , 0 , 717 , 0 , 717 , 0
718 , 0 , 718 , 0 , 718 , 1
719 , 0 , 719 , 0 , 719 , 0
720 , 0 , 720 , 0 , 720 , 3
721 , 0 , 721 , 0 , 721 , 0
722 , 0 , 722 , 0 , 722 , 1
723 , 0 , 723 , 0 , 723 , 1
724 , 0 , 724 , 0 , 724 , 3
725 , 0 , 725 , 0 , 725 , 7
726 , 0 , 726 , 0 , 726 , 1
727 , 0 , 727 , 0 , 727 , 0
728 , 0 , 728 , 0 , 728 , 3
729 , 0 , 729 , 0 , 729 , 0
730 , 0 , 730 , 0 , 730 , 9
731 , 0 , 731 , 0 , 731 , 1
732 , 0 , 732 , 0 , 732 , 3
733 , 0 , 733 , 0 , 733 , 1
734 , 0 , 734 , 0 , 734 , 1
735 , 0 , 735 , 0 , 735 , 1
736 , 0 , 736 , 0 , 736 , 1
737 , 0 , 737 , 0 , 737 , 0
738 , 0 , 738 , 0 , 738 , 3
739 , 0 , 739 , 0 , 739 , 0
740 , 0 , 740 , 0 , 740 , 9
741 , 0 , 741 , 0 , 741 , 1
742 , 0 , 742 , 0 , 742 , 3
743 , 0 , 743 , 0 , 743 , 0
744 , 0 , 744 , 0 , 744 , 1
745 , 0 , 745 , 0 , 745 , 4
746 , 0 , 746 , 0 , 746 , 3
747 , 0 , 747 , 0 , 747 , 0
748 , 0 , 748 , 0 , 748 , 3
749 , 0 , 749 , 0 , 749 , 0
750 , 0 , 750 , 0 , 750 , 7
751 , 0 , 751 , 0 , 751 , 0
752 , 0 , 752 , 0 , 752 , 1
753 , 0 , 753 , 0 , 753 , 0
754 , 0 , 754 , 0 , 754 , 9
755 , 0 , 755 , 0 , 755 , 1
756 , 0 , 756 , 0 , 756 , 1
757 , 0 , 757 , 0 , 757 , 1
758 , 0 , 758 , 0 , 758 , 1
759 , 0 , 759 , 0 , 759 , 0
760 , 0 , 760 , 0 , 760 , 3
761 , 0 , 761 , 0 , 761 , 1
762 , 0 , 762 , 0 , 762 , 1
763 , 0 , 763 , 0 , 763 , 1
764 , 0 , 764 , 0 , 764 , 1
765 , 0 , 765 , 0 , 765 , 4
766 , 0 , 766 , 0 , 766 , 1
767 , 0 , 767 , 0 , 767 , 1
768 , 0 , 768 , 0 , 768 , 1
769 , 0 , 769 , 0 , 769 , 1
770 , 0 , 770 , 0 , 770 , 3
771 , 0 , 771 , 0 , 771 , 1
772 , 0 , 772 , 0 , 772 , 3
773 , 0 , 773 , 0 , 773 , 1
774 , 0 , 774 , 0 , 774 , 1
775 , 0 , 775 , 0 , 775 , 2
776 , 0 , 776 , 0 , 776 , 3
777 , 0 , 777 , 0 , 777 , 1
778 , 0 , 778 , 0 , 778 , 3
779 , 0 , 779 , 0 , 779 , 1
780 , 0 , 780 , 0 , 780 , 9
781 , 0 , 781 , 0 , 781 , 0
782 , 0 , 782 , 0 , 782 , 3
783 , 0 , 783 , 0 , 783 , 1
784 , 0 , 784 , 0 , 784 , 1
785 , 0 , 785 , 0 , 785 , 4
786 , 0 , 786 , 0 , 786 , 1
787 , 0 , 787 , 0 , 787 , 0
788 , 0 , 788 , 0 , 788 , 3
789 , 0 , 789 , 0 , 789 , 0
790 , 0 , 790 , 0 , 790 , 3
791 , 0 , 791 , 0 , 791 , 1
792 , 0 , 792 , 0 , 792 , 1
793 , 0 , 793 , 0 , 793 , 4
794 , 0 , 794 , 0 , 794 , 3
795 , 0 , 795 , 0 , 795 , 4
796 , 0 , 796 , 0 , 796 , 1
797 , 0 , 797 , 0 , 797 , 1
798 , 0 , 798 , 0 , 798 , 1
799 , 0 , 799 , 0 , 799 , 1
800 , 0 , 800 , 0 , 800 , 5
801 , 0 , 801 , 0 , 801 , 1
802 , 0 , 802 , 0 , 802 , 3
803 , 0 , 803 , 0 , 803 , 1
804 , 0 , 804 , 0 , 804 , 1
805 , 0 , 805 , 0 , 805 , 1
806 , 0 , 806 , 0 , 806 , 3
807 , 0 , 807 , 0 , 807 , 1
808 , 0 , 808 , 0 , 808 , 3
809 , 0 , 809 , 0 , 809 , 1
810 , 0 , 810 , 0 , 810 , 3
811 , 0 , 811 , 0 , 811 , 0
812 , 0 , 812 , 0 , 812 , 3
813 , 0 , 813 , 0 , 813 , 0
814 , 0 , 814 , 0 , 814 , 3
815 , 0 , 815 , 0 , 815 , 1
816 , 0 , 816 , 0 , 816 , 3
817 , 0 , 817 , 0 , 817 , 0
818 , 0 , 818 , 0 , 818 , 3
819 , 0 , 819 , 0 , 819 , 1
820 , 0 , 820 , 0 , 820 , 9
821 , 0 , 821 , 0 , 821 , 1
822 , 0 , 822 , 0 , 822 , 3
823 , 0 , 823 , 0 , 823 , 0
824 , 0 , 824 , 0 , 824 , 1
825 , 0 , 825 , 0 , 825 , 2
826 , 0 , 826 , 0 , 826 , 1
827 , 0 , 827 , 0 , 827 , 0
828 , 0 , 828 , 0 , 828 , 1
829 , 0 , 829 , 0 , 829 , 1
830 , 0 , 830 , 0 , 830 , 3
831 , 0 , 831 , 0 , 831 , 1
832 , 0 , 832 , 0 , 832 , 3
833 , 0 , 833 , 0 , 833 , 1
834 , 0 , 834 , 0 , 834 , 1
835 , 0 , 835 , 0 , 835 , 1
836 , 0 , 836 , 0 , 836 , 1
837 , 0 , 837 , 0 , 837 , 0
838 , 0 , 838 , 0 , 838 , 1
839 , 0 , 839 , 0 , 839 , 0
840 , 0 , 840 , 0 , 840 , 3
841 , 0 , 841 , 0 , 841 , 2
842 , 0 , 842 , 0 , 842 , 3
843 , 0 , 843 , 0 , 843 , 1
844 , 0 , 844 , 0 , 844 , 1
845 , 0 , 845 , 0 , 845 , 7
846 , 0 , 846 , 0 , 846 , 1
847 , 0 , 847 , 0 , 847 , 0
848 , 0 , 848 , 0 , 848 , 3
849 , 0 , 849 , 0 , 849 , 0
850 , 0 , 850 , 0 , 850 , 15
851 , 0 , 851 , 0 , 851 , 1
852 , 0 , 852 , 0 , 852 , 1
853 , 0 , 853 , 0 , 853 , 1
854 , 0 , 854 , 0 , 854 , 3
855 , 0 , 855 , 0 , 855 , 1
856 , 0 , 856 , 0 , 856 , 1
857 , 0 , 857 , 0 , 857 , 1
858 , 0 , 858 , 0 , 858 , 3
859 , 0 , 859 , 0 , 859 , 0
860 , 0 , 860 , 0 , 860 , 3
861 , 0 , 861 , 0 , 861 , 1
862 , 0 , 862 , 0 , 862 , 1
863 , 0 , 863 , 0 , 863 , 0
864 , 0 , 864 , 0 , 864 , 1
865 , 0 , 865 , 0 , 865 , 4
866 , 0 , 866 , 0 , 866 , 3
867 , 0 , 867 , 0 , 867 , 2
868 , 0 , 868 , 0 , 868 , 1
869 , 0 , 869 , 0 , 869 , 0
870 , 0 , 870 , 0 , 870 , 9
871 , 0 , 871 , 0 , 871 , 1
872 , 0 , 872 , 0 , 872 , 3
873 , 0 , 873 , 0 , 873 , 1
874 , 0 , 874 , 0 , 874 , 1
875 , 0 , 875 , 0 , 875 , 3
876 , 0 , 876 , 0 , 876 , 3
877 , 0 , 877 , 0 , 877 , 1
878 , 0 , 878 , 0 , 878 , 1
879 , 0 , 879 , 0 , 879 , 1
880 , 0 , 880 , 0 , 880 , 3
881 , 0 , 881 , 0 , 881 , 1
882 , 0 , 882 , 0 , 882 , 1
883 , 0 , 883 , 0 , 883 , 0
884 , 0 , 884 , 0 , 884 , 9
885 , 0 , 885 , 0 , 885 , 1
886 , 0 , 886 , 0 , 886 , 1
887 , 0 , 887 , 0 , 887 , 0
888 , 0 , 888 , 0 , 888 , 3
889 , 0 , 889 , 0 , 889 , 0
890 , 0 , 890 , 0 , 890 , 9
891 , 0 , 891 , 0 , 891 , 0
892 , 0 , 892 , 0 , 892 , 1
893 , 0 , 893 , 0 , 893 , 0
894 , 0 , 894 , 0 , 894 , 3
895 , 0 , 895 , 0 , 895 , 1
896 , 0 , 896 , 0 , 896 , 1
897 , 0 , 897 , 0 , 897 , 1
898 , 0 , 898 , 0 , 898 , 3
899 , 0 , 899 , 0 , 899 , 1
900 , 0 , 900 , 0 , 900 , 5
901 , 0 , 901 , 0 , 901 , 4
902 , 0 , 902 , 0 , 902 , 3
903 , 0 , 903 , 0 , 903 , 0
904 , 0 , 904 , 0 , 904 , 3
905 , 0 , 905 , 0 , 905 , 4
906 , 0 , 906 , 0 , 906 , 1
907 , 0 , 907 , 0 , 907 , 0
908 , 0 , 908 , 0 , 908 , 1
909 , 0 , 909 , 0 , 909 , 1
910 , 0 , 910 , 0 , 910 , 9
911 , 0 , 911 , 0 , 911 , 0
912 , 0 , 912 , 0 , 912 , 1
913 , 0 , 913 , 0 , 913 , 0
914 , 0 , 914 , 0 , 914 , 3
915 , 0 , 915 , 0 , 915 , 4
916 , 0 , 916 , 0 , 916 , 3
917 , 0 , 917 , 0 , 917 , 0
918 , 0 , 918 , 0 , 918 , 3
919 , 0 , 919 , 0 , 919 , 0
920 , 0 , 920 , 0 , 920 , 3
921 , 0 , 921 , 0 , 921 , 0
922 , 0 , 922 , 0 , 922 , 3
923 , 0 , 923 , 0 , 923 , 1
924 , 0 , 924 , 0 , 924 , 1
925 , 0 , 925 , 0 , 925 , 7
926 , 0 , 926 , 0 , 926 , 1
927 , 0 , 927 , 0 , 927 , 0
928 , 0 , 928 , 0 , 928 , 3
929 , 0 , 929 , 0 , 929 , 1
930 , 0 , 930 , 0 , 930 , 3
931 , 0 , 931 , 0 , 931 , 0
932 , 0 , 932 , 0 , 932 , 3
933 , 0 , 933 , 0 , 933 , 0
934 , 0 , 934 , 0 , 934 , 1
935 , 0 , 935 , 0 , 935 , 4
936 , 0 , 936 , 0 , 936 , 3
937 , 0 , 937 , 0 , 937 , 1
938 , 0 , 938 , 0 , 938 , 1
939 , 0 , 939 , 0 , 939 , 1
940 , 0 , 940 , 0 , 940 , 3
941 , 0 , 941 , 0 , 941 , 1
942 , 0 , 942 , 0 , 942 , 3
943 , 0 , 943 , 0 , 943 , 1
944 , 0 , 944 , 0 , 944 , 1
945 , 0 , 945 , 0 , 945 , 1
946 , 0 , 946 , 0 , 946 , 1
947 , 0 , 947 , 0 , 947 , 0
948 , 0 , 948 , 0 , 948 , 1
949 , 0 , 949 , 0 , 949 , 4
950 , 0 , 950 , 0 , 950 , 5
951 , 0 , 951 , 0 , 951 , 1
952 , 0 , 952 , 0 , 952 , 3
953 , 0 , 953 , 0 , 953 , 1
954 , 0 , 954 , 0 , 954 , 3
955 , 0 , 955 , 0 , 955 , 1
956 , 0 , 956 , 0 , 956 , 1
957 , 0 , 957 , 0 , 957 , 1
958 , 0 , 958 , 0 , 958 , 1
959 , 0 , 959 , 0 , 959 , 1
960 , 0 , 960 , 0 , 960 , 3
961 , 0 , 961 , 0 , 961 , 0
962 , 0 , 962 , 0 , 962 , 9
963 , 0 , 963 , 0 , 963 , 0
964 , 0 , 964 , 0 , 964 , 3
965 , 0 , 965 , 0 , 965 , 4
966 , 0 , 966 , 0 , 966 , 1
967 , 0 , 967 , 0 , 967 , 0
968 , 0 , 968 , 0 , 968 , 1
969 , 0 , 969 , 0 , 969 , 1
970 , 0 , 970 , 0 , 970 , 9
971 , 0 , 971 , 0 , 971 , 0
972 , 0 , 972 , 0 , 972 , 1
973 , 0 , 973 , 0 , 973 , 0
974 , 0 , 974 , 0 , 974 , 1
975 , 0 , 975 , 0 , 975 , 7
976 , 0 , 976 , 0 , 976 , 3
977 , 0 , 977 , 0 , 977 , 1
978 , 0 , 978 , 0 , 978 , 1
979 , 0 , 979 , 0 , 979 , 1
980 , 0 , 980 , 0 , 980 , 3
981 , 0 , 981 , 0 , 981 , 1
982 , 0 , 982 , 0 , 982 , 1
983 , 0 , 983 , 0 , 983 , 0
984 , 0 , 984 , 0 , 984 , 3
985 , 0 , 985 , 0 , 985 , 4
986 , 0 , 986 , 0 , 986 , 9
987 , 0 , 987 , 0 , 987 , 0
988 , 0 , 988 , 0 , 988 , 3
989 , 0 , 989 , 0 , 989 , 0
990 , 0 , 990 , 0 , 990 , 3
991 , 0 , 991 , 0 , 991 , 0
992 , 0 , 992 , 0 , 992 , 1
993 , 0 , 993 , 0 , 993 , 0
994 , 0 , 994 , 0 , 994 , 1
995 , 0 , 995 , 0 , 995 , 1
996 , 0 , 996 , 0 , 996 , 1
997 , 0 , 997 , 0 , 997 , 1
998 , 0 , 998 , 0 , 998 , 1
999 , 0 , 999 , 0 , 999 , 1
1000 , 0 , 1000 , 0 , 1000 , 7
